{
    "m_aJoint": [
        {
            "m_invBindPose": {
                "e00": 1.0,
                "e01": 0.0,
                "e02": 0.0,
                "e03": 0.0,
                "e10": 0.0,
                "e11": -0.0646655410528183,
                "e12": 0.9979067444801331,
                "e13": -0.6408556699752808,
                "e20": 0.0,
                "e21": -0.9979068040847778,
                "e22": -0.0646655410528183,
                "e23": 0.041528210043907168,
                "e30": 0.0,
                "e31": 0.0,
                "e32": 0.0,
                "e33": 1.0
            },
            "m_name": "Torso",
            "m_iParent": 255
        },
        {
            "m_invBindPose": {
                "e00": 1.0,
                "e01": -4.7509567480119588e-7,
                "e02": 4.07224014509211e-8,
                "e03": -4.7308663653211627e-8,
                "e10": 4.278887899382411e-14,
                "e11": 0.0854010358452797,
                "e12": 0.9963464140892029,
                "e13": -0.9329959750175476,
                "e20": -4.768378403241513e-7,
                "e21": -0.9963465332984924,
                "e22": 0.0854010358452797,
                "e23": -0.09921340644359589,
                "e30": 0.0,
                "e31": 0.0,
                "e32": 0.0,
                "e33": 1.0
            },
            "m_name": "Chest",
            "m_iParent": 0
        },
        {
            "m_invBindPose": {
                "e00": -1.0,
                "e01": -1.4731200792539313e-7,
                "e02": -3.3145418854019229e-8,
                "e03": 4.00812716350174e-8,
                "e10": -2.439825143134289e-13,
                "e11": -0.21951209008693696,
                "e12": 0.9756094217300415,
                "e13": -1.1663241386413575,
                "e20": -1.5099485040082073e-7,
                "e21": 0.975609540939331,
                "e22": 0.21951214969158173,
                "e23": -0.2654462158679962,
                "e30": 0.0,
                "e31": 0.0,
                "e32": 0.0,
                "e33": 1.0
            },
            "m_name": "Neck",
            "m_iParent": 1
        },
        {
            "m_invBindPose": {
                "e00": -1.0,
                "e01": -3.9518334915555899e-7,
                "e02": 1.2525189774237334e-9,
                "e03": -5.65176705435988e-9,
                "e10": -5.832115235193669e-9,
                "e11": 0.017926974222064019,
                "e12": 0.9998391270637512,
                "e13": -1.2547502517700196,
                "e20": -3.9514247873739807e-7,
                "e21": 0.999839186668396,
                "e22": -0.017926907166838647,
                "e23": 0.032822560518980029,
                "e30": 0.0,
                "e31": 0.0,
                "e32": 0.0,
                "e33": 1.0
            },
            "m_name": "Head",
            "m_iParent": 2
        },
        {
            "m_invBindPose": {
                "e00": -0.8112762570381165,
                "e01": 9.826658242673148e-7,
                "e02": 0.5846642255783081,
                "e03": -0.7868866324424744,
                "e10": -0.5809822082519531,
                "e11": 0.11204688996076584,
                "e12": -0.8061668872833252,
                "e13": 0.7677455544471741,
                "e20": -0.065510593354702,
                "e21": -0.9937028288841248,
                "e22": -0.09090036898851395,
                "e23": 0.11176270991563797,
                "e30": 0.0,
                "e31": 0.0,
                "e32": 0.0,
                "e33": 1.0
            },
            "m_name": "Upper_Arm.L",
            "m_iParent": 1
        },
        {
            "m_invBindPose": {
                "e00": -0.16610218584537507,
                "e01": 0.9519306421279907,
                "e02": -0.2573683261871338,
                "e03": 0.10413789004087448,
                "e10": -0.5161970257759094,
                "e11": -0.30631425976753237,
                "e12": -0.7998201251029968,
                "e13": 0.5136885643005371,
                "e20": -0.8402093648910523,
                "e21": 9.515272267890396e-7,
                "e22": 0.5422633290290833,
                "e23": -0.7611596584320068,
                "e30": 0.0,
                "e31": 0.0,
                "e32": 0.0,
                "e33": 1.0
            },
            "m_name": "Lower_Arm.L",
            "m_iParent": 4
        },
        {
            "m_invBindPose": {
                "e00": -0.07639019191265106,
                "e01": 0.9818640947341919,
                "e02": -0.1735149472951889,
                "e03": 0.08966934680938721,
                "e10": -0.36169323325157168,
                "e11": -0.18945789337158204,
                "e12": -0.9128437638282776,
                "e13": 0.4469631612300873,
                "e20": -0.929162859916687,
                "e21": -0.006973083131015301,
                "e22": 0.36960670351982119,
                "e23": -0.6860175132751465,
                "e30": 0.0,
                "e31": 0.0,
                "e32": 0.0,
                "e33": 1.0
            },
            "m_name": "Hand.L",
            "m_iParent": 5
        },
        {
            "m_invBindPose": {
                "e00": -0.8112760782241821,
                "e01": 0.15944145619869233,
                "e02": -0.5625033378601074,
                "e03": 0.7587581872940064,
                "e10": 0.580981969833374,
                "e11": 0.11204692721366883,
                "e12": -0.8061670064926148,
                "e13": 0.7677457928657532,
                "e20": -0.06550963968038559,
                "e21": -0.9808281064033508,
                "e22": -0.18353354930877686,
                "e23": 0.23657271265983582,
                "e30": 0.0,
                "e31": 0.0,
                "e32": 0.0,
                "e33": 1.0
            },
            "m_name": "Upper_Arm.R",
            "m_iParent": 1
        },
        {
            "m_invBindPose": {
                "e00": -0.16610267758369447,
                "e01": 0.8803219199180603,
                "e02": -0.44434547424316409,
                "e03": 0.3859342634677887,
                "e10": 0.5161967277526856,
                "e11": -0.3063139319419861,
                "e12": -0.7998201847076416,
                "e13": 0.5136884450912476,
                "e20": -0.8402091860771179,
                "e21": -0.36222192645072939,
                "e22": -0.4035399854183197,
                "e23": 0.6642758846282959,
                "e30": 0.0,
                "e31": 0.0,
                "e32": 0.0,
                "e33": 1.0
            },
            "m_name": "Lower_Arm.R",
            "m_iParent": 7
        },
        {
            "m_invBindPose": {
                "e00": -0.07639007270336151,
                "e01": 0.9698184728622437,
                "e02": -0.2315506786108017,
                "e03": 0.200508251786232,
                "e10": 0.3616931736469269,
                "e11": -0.18945787847042085,
                "e12": -0.9128432273864746,
                "e13": 0.4469622075557709,
                "e20": -0.9291625618934631,
                "e21": -0.15348254144191743,
                "e22": -0.33630457520484927,
                "e23": 0.6621606945991516,
                "e30": 0.0,
                "e31": 0.0,
                "e32": 0.0,
                "e33": 1.0
            },
            "m_name": "Hand.R",
            "m_iParent": 8
        },
        {
            "m_invBindPose": {
                "e00": -0.9999333620071411,
                "e01": 0.00009378742834087461,
                "e02": 0.011526594869792462,
                "e03": -0.12077309936285019,
                "e10": -0.01149675901979208,
                "e11": -0.08047705143690109,
                "e12": -0.996690034866333,
                "e13": 0.64152592420578,
                "e20": 0.0008341524517163634,
                "e21": -0.996759831905365,
                "e22": 0.08047303557395935,
                "e23": -0.030891001224517823,
                "e30": 0.0,
                "e31": 0.0,
                "e32": 0.0,
                "e33": 1.0
            },
            "m_name": "Upper_Leg.L",
            "m_iParent": 0
        },
        {
            "m_invBindPose": {
                "e00": 0.9995609521865845,
                "e01": -0.0035112989135086538,
                "e02": 0.029418176040053369,
                "e03": 0.1048613116145134,
                "e10": 0.029626980423927308,
                "e11": 0.1185101717710495,
                "e12": -0.9925105571746826,
                "e13": 0.38809430599212649,
                "e20": -0.0000013566182133217808,
                "e21": 0.9929500818252564,
                "e22": 0.11856120824813843,
                "e23": -0.046152058988809589,
                "e30": 0.0,
                "e31": 0.0,
                "e32": 0.0,
                "e33": 1.0
            },
            "m_name": "Lower_Leg.L",
            "m_iParent": 10
        },
        {
            "m_invBindPose": {
                "e00": -0.9999997615814209,
                "e01": -4.4777786456506876e-7,
                "e02": -1.0338465195047775e-8,
                "e03": -0.10746479779481888,
                "e10": 4.19916148075572e-7,
                "e11": -0.913012683391571,
                "e12": -0.4079381823539734,
                "e13": 0.06968164443969727,
                "e20": 1.7576522282070074e-7,
                "e21": -0.40793997049331667,
                "e22": 0.9130092859268189,
                "e23": -0.06869476288557053,
                "e30": 0.0,
                "e31": 0.0,
                "e32": 0.0,
                "e33": 1.0
            },
            "m_name": "Foot.L",
            "m_iParent": 11
        },
        {
            "m_invBindPose": {
                "e00": -0.9999334812164307,
                "e01": -0.0017561169806867838,
                "e02": -0.011392361484467984,
                "e03": 0.12072142958641052,
                "e10": 0.01149674877524376,
                "e11": -0.08047700673341751,
                "e12": -0.9966898560523987,
                "e13": 0.6415258049964905,
                "e20": 0.0008334842859767377,
                "e21": -0.9967582821846008,
                "e22": 0.08049210906028748,
                "e23": -0.03109234943985939,
                "e30": 0.0,
                "e31": 0.0,
                "e32": 0.0,
                "e33": 1.0
            },
            "m_name": "Upper_Leg.R",
            "m_iParent": 0
        },
        {
            "m_invBindPose": {
                "e00": 0.9995607137680054,
                "e01": 0.0035124821588397028,
                "e02": -0.029418034479022027,
                "e03": -0.104861319065094,
                "e10": -0.029626987874507905,
                "e11": 0.11851011216640473,
                "e12": -0.9925103187561035,
                "e13": 0.3880941867828369,
                "e20": 1.521224675116173e-7,
                "e21": 0.9929498434066773,
                "e22": 0.11856120079755783,
                "e23": -0.04615190625190735,
                "e30": 0.0,
                "e31": 0.0,
                "e32": 0.0,
                "e33": 1.0
            },
            "m_name": "Lower_Leg.R",
            "m_iParent": 13
        },
        {
            "m_invBindPose": {
                "e00": -0.9999995231628418,
                "e01": 4.437343363861146e-7,
                "e02": 2.281261757275388e-8,
                "e03": 0.1074647456407547,
                "e10": -4.069888746016659e-7,
                "e11": -0.9130127429962158,
                "e12": -0.4079380929470062,
                "e13": 0.06968171149492264,
                "e20": -1.5606431702508417e-7,
                "e21": -0.4079398512840271,
                "e22": 0.9130092263221741,
                "e23": -0.06869492679834366,
                "e30": 0.0,
                "e31": 0.0,
                "e32": 0.0,
                "e33": 1.0
            },
            "m_name": "Foot.R",
            "m_iParent": 14
        }
    ]
}